(gdb) ------------------------------------ 
display variables 

$1 = {-9125, -8320, -8185, -7624, -6571, -5675, -5628, -4626, -4611, -4352, -3512, -3327, -2390, -2329, -2234, -2101, -1647, -1221, -1197, -1190, -1177, -1149, -1125, -1101, -1001, -877, -617, -615, -612, -327, -155, -131, -115, 0, 1, 100, 101, 113, 114, 114, 114, 115, 115, 116, 116, 117, 122, 124, 125, 126, 127, 127, 127, 128, 128, 129, 131, 133, 134, 135, 143, 143, 147, 156, 156, 164, 165, 167, 169, 171, 175, 176, 178, 183, 190, 199, 217, 254, 276, 415, 432, 441, 522, 679, 894, 1100, 1103, 1104, 1104, 1105, 1107, 1112, 1113, 1117, 1122, 1123, 1133, 1133, 1133, 1134, 1150, 1162, 1162, 1167, 1169, 1176, 1177, 1177, 1177, 1184, 1184, 1185, 1190, 1214, 1217, 1219, 1224, 1245, 1283, 1465, 1617, 1618, 1629, 1724, 1897, 1913, 2113, 2126, 2126, 2137, 2143, 2179, 2183, 2311, 2342, 2346, 2413, 2450, 3112, 3116, 3121, 3122, 3183, 3184, 3414, 3467, 3514, 3625, 3727, 4314, 4512, 4528, 4532, 4559, 4566, 4569, 4628, 4647, 5156, 5614, 5616, 5631, 5639, 5649, 5662, 5671, 5677, 5679, 5684, 6103, 6112, 6151, 6315, 6316, 6325, 6326, 6328, 6366, 6374, 6440, 6561, 6581, 6722, 6737, 6759, 6784, 6785, 6786, 6787, 6825, 7217, 7525, 7527, 7534, 7569, 7855, 7881, 8126, 8275, 8619}

len: 200

min: -9125
max: 8619
med: 1142
sum: 346843
avg: 1734

