(gdb) ------------------------------------ 
display provided data 

0x402000:	10	14	13	37	54	14	29	64
0x402010:	67	34	31	13	20	61	36	14
0x402020:	53	44	19	42	44	52	31	42
0x402030:	56	15	24	36	75	46	27	41
0x402040:	53	62	10	33	4	73	31	15
0x402050:	5	11	22	33	70	15	23	15
0x402060:	63

0x4020c8:	100

------------------------------------ 
display variables for cube areas 

0x4020ec:	600	1176	1014	8214	17496	1176	5046	24576
0x4020fc:	26934	6936	5766	1014	2400	22326	7776	1176
0x40210c:	16854	11616	2166	10584	11616	16224	5766	10584
0x40211c:	18816	1350	3456	7776	33750	12696	4374	10086
0x40212c:	16854	23064	600	6534	96	31974	5766	1350
0x40213c:	150	726	2904	6534	29400	1350	3174	1350
0x40214c:	23814

0x4020cc:	96
0x4020d0:	51894
0x4020ce:	2796
0x4020d2:	1043580
0x4020d6:	10435

------------------------------------ 
display variables for cube volumes 

0x4021b4:	1000	2744	2197	50653
0x4021c4:	157464	2744	24389	262144
0x4021d4:	300763	39304	29791	2197
0x4021e4:	8000	226981	46656	2744
0x4021f4:	148877	85184	6859	74088
0x402204:	85184	140608	29791	74088
0x402214:	175616	3375	13824	46656
0x402224:	421875	97336	19683	68921
0x402234:	148877	238328	1000	35937
0x402244:	64	389017	29791	3375
0x402254:	125	1331	10648	35937
0x402264:	343000	3375	12167	3375
0x402274:	250047

0x4020d8:	64
0x4020e0:	804357
0x4020dc:	10836
0x4020e4:	10245242
0x4020e8:	102452

 
