
Assignment #2
Surface Areas Program


---------------------------
Data Set #1
Length: 20

 Unsorted Surface Areas: 

     6698     6184     5622     6190     5608
     6766     6184     7038     6904     6758
     5008     174     18480     5240     6976
     7864     4760     6118     88     183800

 Sorted Surface Areas: 

     88     174     4760     5008     5240
     5608     5622     6118     6184     6184
     6190     6698     6758     6766     6904
     6976     7038     7864     18480     183800

 Surface Areas Min = 88
 Surface Areas Med = 6187
 Surface Areas Max = 183800
 Surface Areas Sum = 302460
 Surface Areas Ave = 15123.00000000


---------------------------
Data Set #268501236
Length: 77

 Unsorted Surface Areas: 

     304188     345742     380984     344290     336520
     339660     318010     343150     322120     311830
     321364     323576     341624     366396     376294
     302524     334420     330540     331336     359206
     321504     331406     306328     339246     312520
     326702     351406     396472     340728     346230
     327890     307930     308170     349678     346640
     363182     381880     383800     348280     341290
     327640     325104     340488     320530     306780
     321190     305612     334258     333528     347000
     332286     328374     318208     368588     315160
     356080     401250     360922     328560     356548
     349040     336750     355934     339560     342014
     354370     368426     380630     361792     347800
     299640     322646     341550     331144     322450
     343000     346750
 Sorted Surface Areas: 

     299640     302524     304188     305612     306328
     306780     307930     308170     311830     312520
     315160     318010     318208     320530     321190
     321364     321504     322120     322450     322646
     323576     325104     326702     327640     327890
     328374     328560     330540     331144     331336
     331406     332286     333528     334258     334420
     336520     336750     339246     339560     339660
     340488     340728     341290     341550     341624
     342014     343000     343150     344290     345742
     346230     346640     346750     347000     347800
     348280     349040     349678     351406     354370
     355934     356080     356548     359206     360922
     361792     363182     366396     368426     368588
     376294     380630     380984     381880     383800
     396472     401250
 Surface Areas Min = 299640
 Surface Areas Med = 339560
 Surface Areas Max = 401250
 Surface Areas Sum = 26136658
 Surface Areas Ave = 339437.12500000


---------------------------
Data Set #268502264
Length: 100

 Unsorted Surface Areas: 

     236418     252670     234472     255950     240582
     247708     245480     239958     240622     250578
     371854     361372     335338     329954     334124
     330608     373272     401890     368744     371952
     321876     378106     404210     340860     321802
     374318     337108     357496     355808     362758
     361072     380982     378376     370054     360754
     351738     341736     332898     353248     353092
     351874     368742     353218     340158     364666
     367584     370744     485784     388108     365042
     354358     417480     420110     378190     370496
     344510     343060     370820     342584     442642
     355930     362092     376568     399136     341544
     351378     396692     363190     383248     917960
     376008     322030     365372     398790     361174
     360168     365048     369616     341516     339118
     416386     417944     369358     371796     377902
     356788     392120     353026     362212     392230
     342820     418030     349322     339938     348772
     353308     367362     368836     388992     363968

 Sorted Surface Areas: 

     234472     236418     239958     240582     240622
     245480     247708     250578     252670     255950
     321802     321876     322030     329954     330608
     332898     334124     335338     337108     339118
     339938     340158     340860     341516     341544
     341736     342584     342820     343060     344510
     348772     349322     351378     351738     351874
     353026     353092     353218     353248     353308
     354358     355808     355930     356788     357496
     360168     360754     361072     361174     361372
     362092     362212     362758     363190     363968
     364666     365042     365048     365372     367362
     367584     368742     368744     368836     369358
     369616     370054     370496     370744     370820
     371796     371854     371952     373272     374318
     376008     376568     377902     378106     378190
     378376     380982     383248     388108     388992
     392120     392230     396692     398790     399136
     401890     404210     416386     417480     417944
     418030     420110     442642     485784     917960

 Surface Areas Min = 234472
 Surface Areas Med = 361732
 Surface Areas Max = 917960
 Surface Areas Sum = 35999696
 Surface Areas Ave = 359996.96875000


---------------------------
Data Set #268503796
Length: 175

 Unsorted Surface Areas: 

     112040     129898     126394     161374     166624
     113480     123858     134572     144000     156694
     103930     205866     150910     98878     122242
     136184     150374     159788     205192     225040
     113326     106248     129216     113238     122860
     155386     171048     173402     175832     161892
     160048     148398     102520     147982     128748
     164036     120568     111366     144064     179742
     140958     166118     113126     106972     124252
     96584     101770     117766     87050     90968
     85328     108978     109648     164130     135040
     94750     98846     139032     131552     185762
     90702     90102     174228     135232     113910
     107456     161812     151822     221710     147040
     120018     86326     86820     117016     121960
     106188     136808     124732     137476     151492
     122254     159824     138816     192148     165700
     110272     113216     144912     142752     191922
     108922     100576     141048     131754     140758
     98950     126538     148806     160804     138480
     215440     120430     78778     83776     100966
     124290     122056     155830     154912     177944
     146478     81606     110078     101286     208638
     175918     133054     145446     232366     242510
     96302     115462     142978     107572     89970
     100748     123654     127716     155230     169028
     137938     137378     127456     149282     191728
     124704     109126     141678     172228     150018
     90532     151080     130808     133668     123774
     83528     115888     115824     103568     125322
     181630     179478     146542     111676     158254
     224910     125266     136096     139410     146590
     96904     96318     98966     150478     125698
     111718     130618     119682     151428     160678
     61486     77860     113016     154618     128198

 Sorted Surface Areas: 

     61486     77860     78778     81606     83528
     83776     85328     86326     86820     87050
     89970     90102     90532     90702     90968
     94750     96302     96318     96584     96904
     98846     98878     98950     98966     100576
     100748     100966     101286     101770     102520
     103568     103930     106188     106248     106972
     107456     107572     108922     108978     109126
     109648     110078     110272     111366     111676
     111718     112040     113016     113126     113216
     113238     113326     113480     113910     115462
     115824     115888     117016     117766     119682
     120018     120430     120568     121960     122056
     122242     122254     122860     123654     123774
     123858     124252     124290     124704     124732
     125266     125322     125698     126394     126538
     127456     127716     128198     128748     129216
     129898     130618     130808     131552     131754
     133054     133668     134572     135040     135232
     136096     136184     136808     137378     137476
     137938     138480     138816     139032     139410
     140758     140958     141048     141678     142752
     142978     144000     144064     144912     145446
     146478     146542     146590     147040     147982
     148398     148806     149282     150018     150374
     150478     150910     151080     151428     151492
     151822     154618     154912     155230     155386
     155830     156694     158254     159788     159824
     160048     160678     160804     161374     161812
     161892     164036     164130     165700     166118
     166624     169028     171048     172228     173402
     174228     175832     175918     177944     179478
     179742     181630     185762     191728     191922
     192148     205192     205866     208638     215440
     221710     224910     225040     232366     242510

 Surface Areas Min = 61486
 Surface Areas Med = 130808
 Surface Areas Max = 242510
 Surface Areas Sum = 23600698
 Surface Areas Ave = 134861.12500000


---------------------------
Data Set #268506320
Length: 140

 Unsorted Surface Areas: 

     90878     90552     102090     117364     89970
     106048     129180     146496     148454     136684
     184306     173618     99688     117382     225048
     155340     131318     181582     211228     175368
     113092     179546     94494     94448     90034
     105114     146794     150988     130504     148364
     146430     150790     168524     156526     205630
     183456     95138     105184     108722     119150
     123400     137358     134946     129358     110774
     97732     106418     96732     143308     162490
     112118     141288     136312     118102     116078
     108990     116106     212772     138046     80722
     133354     128448     153624     120622     218416
     161884     186448     156342     181704     144086
     90418     113480     141954     143286     191512
     120544     116136     120032     153864     141238
     81696     88976     76024     138922     85312
     126750     122160     116874     109096     167424
     108030     123564     173544     124596     83886
     85354     123212     146646     208530     125328
     112246     98910     97688     117040     152050
     93994     146608     121856     110514     130252
     121078     120252     126548     146582     102844
     135278     131802     155014     150450     125908
     215728     92752     78432     104962     144320
     108272     87192     92720     118560     140506
     113078     94720     101208     101816     151754
     116302     108630     140598     209270     139228

 Sorted Surface Areas: 

     76024     78432     80722     81696     83886
     85312     85354     87192     88976     89970
     90034     90418     90552     90878     92720
     92752     93994     94448     94494     94720
     95138     96732     97688     97732     98910
     99688     101208     101816     102090     102844
     104962     105114     105184     106048     106418
     108030     108272     108630     108722     108990
     109096     110514     110774     112118     112246
     113078     113092     113480     116078     116106
     116136     116302     116874     117040     117364
     117382     118102     118560     119150     120032
     120252     120544     120622     121078     121856
     122160     123212     123400     123564     124596
     125328     125908     126548     126750     128448
     129180     129358     130252     130504     131318
     131802     133354     134946     135278     136312
     136684     137358     138046     138922     139228
     140506     140598     141238     141288     141954
     143286     143308     144086     144320     146430
     146496     146582     146608     146646     146794
     148364     148454     150450     150790     150988
     151754     152050     153624     153864     155014
     155340     156342     156526     161884     162490
     167424     168524     173544     173618     175368
     179546     181582     181704     183456     184306
     186448     191512     205630     208530     209270
     211228     212772     215728     218416     225048

 Surface Areas Min = 76024
 Surface Areas Med = 124962
 Surface Areas Max = 225048
 Surface Areas Sum = 18318850
 Surface Areas Ave = 130848.92968750

