(gdb) ------------------------------------ 
display variables 

lst: 
$1 = {1246, 1116, 1542, 1240, 1677, 1635, 2426, 1820, 1246, -2333, 2317, -1115, 2726, 2140, 2565, 2871, 1614, 2418, 2513, 1422, -2119, 1215, -1525, -1712, 1441, -3622, -731, -1729, 1615, 1724, 1217, -1224, 1580, 1147, 2324, 1425, 1816, 1262, -2718, 2192, -1432, 1235, 2764, -1615, 1310, 1765, 1954, -967, 1515, 3556, 1342, 7321, 1556, 2727, 1227, -1927, 1382, 1465, 3955, 1435, -1225, -2419, -2534, -1345, 2467, 1315, 1961, 1335, 2856, 2553, -1032, 1835, 1464, 1915, -1810, 1465, 1554, -1267, 1615, 1656, 2192, -1825, 1925, 2312, 1725, -2517, 1498, -1677, 1475, 2034, 1223, 1883, -1173, 1350, 1415, 335, 1125, 1118, 1713, 3025}

length: 100

lstMin: -3622
lstMax: 7321
lstMid: 2449
lstSum: 96747
lstAve: 967

evenCnt: 43
evenSum: 47668
evenAve: 1108

fiveCnt: 37
fiveSum: 39310
fiveAve: 1062

